age both male female year 
0 4.44 	 4.59 	 4.27 2009
0 4.42 	 4.91 	 3.88 2010
0 5.05 	 5.30 	 4.79 2011
0 4.43 	 4.89 	 3.93 2012
0 3.91 	 4.21 	 3.58 2013
0 4.01 	 4.57 	 3.42 2014
0 4.44 	 4.74 	 4.11 2015
0 4.12 	 4.31 	 3.91 2016
0 4.09 	 4.20 	 3.96 2017
0 4.26   4.55    3.95 2018
2.5 0.31   0.33          0.29 2009
2.5 0.25   0.26          0.25 2010
2.5 0.30   0.31 	 0.28 2011
2.5 0.28   0.29 	 0.27 2012
2.5 0.21   0.23 	 0.19 2013
2.5 0.22   0.23 	 0.21 2014
2.5 0.22   0.25 	 0.18 2015
2.5 0.21   0.23 	 0.18 2016
2.5 0.17   0.17 	 0.16 2017
2.5 0.20   0.21 	 0.20 2018
7 0.19   0.22   0.17 2009 	
7 0.14   0.16 	0.11 2010	
7 0.13   0.15   0.11 2011
7 0.15   0.14 	0.15 2012	
7 0.15   0.14 	0.15 2013	
7 0.15   0.15 	0.15 2014	
7 0.10   0.12 	0.08 2015	
7 0.13   0.14   0.12 2016	
7 0.11   0.11 	0.10 2017	
7 0.10   0.11 	0.10 2018	
12 0.17  0.20 	0.13 2009
12 0.15  0.17   0.13 2010
12 0.15  0.17   0.12 2011
12 0.15  0.17   0.12 2012
12 0.16  0.17   0.14 2013
12 0.14  0.16   0.12 2014
12 0.12  0.15   0.10 2015
12 0.14  0.16   0.11 2016
12 0.15  0.17   0.12 2017
12 0.14  0.18   0.10 2018
17 0.39  0.50	0.27 2009
17 0.38  0.52   0.23 2010
17 0.37  0.50 	0.24 2011
17 0.36  0.48 	0.22 2012
17 0.34  0.47 	0.21 2013
17 0.33  0.45 	0.21 2014
17 0.35  0.48 	0.20 2015
17 0.34  0.48 	0.20 2016
17 0.34  0.45 	0.22 2017
17 0.31  0.42 	0.19 2018
22 0.54  0.71 	0.35 2009
22 0.48  0.67 	0.27 2010
22 0.53  0.73 	0.30 2011
22 0.49  0.63 	0.33 2012
22 0.45  0.61 	0.28 2013
22 0.44  0.61 	0.24 2014
22 0.45  0.61 	0.27 2015
22 0.46  0.66 	0.26 2016
22 0.44  0.60 	0.27 2017
22 0.43  0.59 	0.25 2018
27 0.74  0.99 	0.48 2009
27 0.68  0.94 	0.41 2010
27 0.64  0.90 	0.37 2011
27 0.64  0.84 	0.44 2012
27 0.55  0.75 	0.33 2013
27 0.54  0.72 	0.35 2014
27 0.55  0.73 	0.36 2015
27 0.55  0.75 	0.33 2016
27 0.50  0.65 	0.33 2017
27 0.49  0.67 	0.30 2018
32 1.04 	 1.50 	 0.57 2009 
32 0.97 	 1.38 	 0.56 2010
32 0.99 	 1.41 	 0.56 2011
32 0.96 	 1.35 	 0.58 2012
32 0.86 	 1.20 	 0.52 2013
32 0.86 	 1.21 	 0.51 2014
32 0.80 	 1.11 	 0.50 2015
32 0.85 	 1.20 	 0.51 2016
32 0.79 	 1.07 	 0.50 2017
32 0.74 	 0.99 	 0.48 2018
37 1.61 	 2.46 	 0.77 2009
37 1.46 	 2.19 	 0.75 2010
37 1.56 	 2.35 	 0.79 2011
37 1.50 	 2.22 	 0.80 2012
37 1.38 	 2.05 	 0.72 2013
37 1.44 	 2.13 	 0.76 2014
37 1.34 	 1.99 	 0.70 2015
37 1.35 	 1.93 	 0.77 2016
37 1.24 	 1.79 	 0.71 2017
37 1.19 	 1.66 	 0.73 2018
42 2.41 	 3.54 	 1.27 2009
42 2.32 	 3.43 	 1.21 2010
42 2.37 	 3.61 	 1.13 2011
42 2.30 	 3.47 	 1.14 2012
42 2.13 	 3.17 	 1.10 2013
42 2.16 	 3.22 	 1.13 2014
42 2.11 	 3.15 	 1.10 2015
42 2.10 	 3.15 	 1.08 2016
42 2.02 	 3.00 	 1.08 2017
42 1.97 	 2.87 	 1.09 2018
47 3.31 	 4.85 	 1.77 2009
47 3.31 	 4.82 	 1.80 2010
47 3.36 	 5.02 	 1.70 2011
47 3.36 	 4.93 	 1.81 2012
47 3.25 	 4.78 	 1.73 2013
47 3.29 	 4.89 	 1.71 2014
47 3.21 	 4.76 	 1.68 2015
47 3.16 	 4.70 	 1.65 2016
47 3.02 	 4.50 	 1.58 2017
47 2.99 	 4.36 	 1.67 2018
52 4.65 	 6.70 	 2.63 2009
52 4.53 	 6.51 	 2.58 2010
52 4.65 	 6.63 	 2.69 2011
52 4.45 	 6.44 	 2.50 2012
52 4.55 	 6.55 	 2.57 2013
52 4.58 	 6.57 	 2.62 2014
52 4.44 	 6.41 	 2.50 2015
52 4.61 	 6.71 	 2.54 2016
52 4.38 	 6.40 	 2.41 2017
52 4.35 	 6.33 	 2.43 2018
57 6.58 	 9.19 	 4.04 2009
57 6.48 	 9.13 	 3.92 2010
57 6.38 	 9.11 	 3.74 2011
57 6.18 	 8.78 	 3.66 2012
57 6.14 	 8.73 	 3.65 2013
57 6.21 	 8.68 	 3.82 2014
57 6.05 	 8.75 	 3.46 2015
57 6.34 	 9.13 	 3.66 2016
57 6.12 	 8.81 	 3.54 2017
57 6.08 	 8.69 	 3.58 2018
62 9.76 	 13.21 	 6.48 2009
62 9.25 	 12.66 	 6.00 2010
62 9.31 	 12.88 	 5.93 2011
62 9.04 	 12.31 	 5.94 2012
62 8.92 	 12.34 	 5.68 2013
62 8.91 	 12.33 	 5.69 2014
62 8.76 	 12.21 	 5.52 2015
62 8.76 	 12.37 	 5.38 2016
62 8.42 	 11.87 	 5.18 2017
62 8.39 	 11.80 	 5.19 2018
67 14.92 	 19.62 	 10.65 2009
67 14.41 	 19.49 	 9.77 2010
67 14.48 	 19.58 	 9.83 2011
67 14.29 	 19.06 	 9.93 2012
67 13.55 	 18.15 	 9.35 2013
67 13.64 	 18.32 	 9.36 2014
67 13.03 	 17.63 	 8.83 2015
67 13.00 	 17.54 	 8.86 2016
67 12.56 	 17.25 	 8.29 2017
67 12.19 	 16.60 	 8.18 2018
72 24.56 	 31.93 	 18.22 2009 
72 23.27 	 29.97 	 17.54 2010
72 23.36 	 30.52 	 17.24 2011
72 22.71 	 29.59 	 16.81 2012
72 22.22 	 28.81 	 16.55 2013
72 22.29 	 29.16 	 16.37 2014
72 21.36 	 27.89 	 15.71 2015
72 21.55 	 28.60 	 15.45 2016
72 20.97 	 27.57 	 15.26 2017
72 19.94 	 26.46 	 14.27 2018
77 40.67 	 49.41 	 32.03 2009
77 39.99 	 49.35 	 31.34 2010
77 40.70 	 51.33 	 31.44 2011
77 39.14 	 49.29 	 30.69 2012
77 37.11 	 47.10 	 29.03 2013
77 37.61 	 47.60 	 29.64 2014
77 36.44 	 46.76 	 28.25 2015
77 36.44 	 46.75 	 28.27 2016
77 35.23 	 45.17 	 27.33 2017
77 33.90 	 43.76 	 26.03 2018
82 66.84 	 76.36 	 56.36 2009
82 67.09 	 76.87 	 56.48 2010
82 67.49 	 78.29 	 56.13 2011
82 66.71 	 78.66 	 54.71 2012
82 65.08 	 77.47 	 53.34 2013
82 65.37 	 78.71 	 53.52 2014
82 63.63 	 77.69 	 51.98 2015
82 66.04 	 80.60 	 54.67 2016
82 61.81 	 75.97 	 51.22 2017
82 60.57 	 74.99 	 50.08 2018
87 109.84 	 119.16 	 101.15 2009
87 109.58 	 119.86 	 99.81 2010
87 110.83 	 121.63 	 100.35 2011
87 108.63 	 120.20 	 97.30 2012
87 107.13 	 120.80 	 93.71 2013
87 110.25 	 124.23 	 96.67 2014
87 106.43 	 118.89 	 94.58 2015
87 111.05 	 126.44 	 96.90 2016
87 108.50 	 123.57 	 95.31 2017
87 105.94 	 123.01 	 91.88 2018
92 168.90 	 172.70 	 165.93 2009
92 171.48 	 175.96 	 167.91 2010
92 177.90 	 185.84 	 171.48 2011
92 175.29 	 181.34 	 170.34 2012
92 167.09 	 174.31 	 161.10 2013
92 175.58 	 186.71 	 166.32 2014
92 170.44 	 184.36 	 158.70 2015
92 176.09 	 187.88 	 166.04 2016
92 177.59 	 189.97 	 167.00 2017
92 168.11 	 182.84 	 155.54 2018
97 231.05 	 206.05 	 249.96 2009
97 239.46 	 216.84 	 256.56 2010
97 246.85 	 228.83 	 260.64 2011
97 257.79 	 248.49 	 264.80 2012
97 251.54 	 241.65 	 258.84 2013
97 253.85 	 249.92 	 256.79 2014
97 253.78 	 255.65 	 252.36 2015
97 265.62 	 267.12 	 264.49 2016
97 259.63 	 259.71 	 259.56 2017
97 254.89 	 255.92 	 254.11 2018
100 201.34 	 140.46 	 260.43 2009
100 225.68 	 144.99 	 303.15 2010
100 259.17 	 198.64 	 316.27 2011
100 256.12 	 213.49 	 297.75 2012
100 246.78 	 190.93 	 303.25 2013
100 312.41 	 284.32 	 339.64 2014
100 317.72 	 301.31 	 332.70 2015
100 325.40 	 307.10 	 341.24 2016
100 320.30 	 266.07 	 365.99 2017
100 338.41 	 313.27 	 359.21 2018



